   7       0 loop0 530 0 34502 569 0 0 0 0 0 577 569 0 0 0 0 0 0
   7       1 loop1 61 0 2452 41 0 0 0 0 0 30 41 0 0 0 0 0 0
   7       2 loop2 56 0 996 22 0 0 0 0 0 24 22 0 0 0 0 0 0
   7       3 loop3 549 0 34618 41 0 0 0 0 0 39 41 0 0 0 0 0 0
   7       4 loop4 10 0 20 0 0 0 0 0 0 0 0 0 0 0 0 0 0
   7       5 loop5 0 0 0 0 0 0 0 0 0 0 0 0 0 0 0 0 0
   7       6 loop6 0 0 0 0 0 0 0 0 0 0 0 0 0 0 0 0 0
   7       7 loop7 0 0 0 0 0 0 0 0 0 0 0 0 0 0 0 0 0
 259       0 nvme0n1 13943 3240 864108 20608 24019 45953 5765284 139004 0 28883 159613 0 0 0 0 0 0
 259       2 nvme0n1p1 13170 2596 826710 20014 23989 45921 5764872 138984 0 58717 158998 0 0 0 0 0 0
 259       3 nvme0n1p14 146 0 1664 98 0 0 0 0 0 100 98 0 0 0 0 0 0
 259       4 nvme0n1p15 267 610 17814 239 2 0 2 1 0 123 240 0 0 0 0 0 0
 259       5 nvme0n1p16 193 34 13536 144 23 24 306 15 0 119 160 0 0 0 0 0 0
 259       1 nvme1n1 8913 0 2117852 53147 70373 8500 17693212 45918 0 6242 99160 222 0 925781256 93 0 0
