   7       0 loop0 530 0 34502 569 0 0 0 0 0 577 569 0 0 0 0 0 0
   7       1 loop1 61 0 2452 41 0 0 0 0 0 30 41 0 0 0 0 0 0
   7       2 loop2 56 0 996 22 0 0 0 0 0 24 22 0 0 0 0 0 0
   7       3 loop3 549 0 34618 41 0 0 0 0 0 39 41 0 0 0 0 0 0
   7       4 loop4 10 0 20 0 0 0 0 0 0 0 0 0 0 0 0 0 0
   7       5 loop5 0 0 0 0 0 0 0 0 0 0 0 0 0 0 0 0 0
   7       6 loop6 0 0 0 0 0 0 0 0 0 0 0 0 0 0 0 0 0
   7       7 loop7 0 0 0 0 0 0 0 0 0 0 0 0 0 0 0 0 0
 259       0 nvme0n1 13943 3240 864108 20608 24182 46291 5778396 139814 0 28992 160423 0 0 0 0 0 0
 259       2 nvme0n1p1 13170 2596 826710 20014 24152 46259 5777984 139794 0 58827 159808 0 0 0 0 0 0
 259       3 nvme0n1p14 146 0 1664 98 0 0 0 0 0 100 98 0 0 0 0 0 0
 259       4 nvme0n1p15 267 610 17814 239 2 0 2 1 0 123 240 0 0 0 0 0 0
 259       5 nvme0n1p16 193 34 13536 144 23 24 306 15 0 119 160 0 0 0 0 0 0
 259       1 nvme1n1 25343 0 6312156 203403 70555 8754 17722468 45942 0 7867 249439 222 0 925781256 93 0 0
